MEME version 4.4

ALPHABET= ACGT

strands: + -

Background letter frequencies (from uniform background):
A 0.25000 C 0.25000 G 0.25000 T 0.25000 

MOTIF COT2_HUMAN.H10MO.S

letter-probability matrix: alength= 4 w= 15 nsites= 79 E= 0
0.4055716353111433	0.21382054992764113	0.2926917510853832	0.08791606367583216
0.5557163531114332	0.011577424023154804	0.26483357452966705	0.16787264833574506
0.09117221418234442	0.027496382054992802	0.7930535455861071	0.08827785817655572
0.06367583212735177	0.013024602026049215	0.7098408104196817	0.21345875542691725
0.09406657018813319	0.12445730824891499	0.20839363241678696	0.5730824891461649
0.0	0.914616497829233	0.0578871201157742	0.027496382054992795
0.9088277858176556	0.052098408104196775	0.0	0.03907380607814758
0.5441389290882779	0.09406657018813319	0.26049204052098396	0.10130246020260499
0.5477568740955142	0.039073806078147616	0.27858176555716313	0.13458755426917507
0.18234442836468912	0.0	0.7510853835021705	0.06657018813314045
0.14616497829233002	0.06801736613603471	0.6555716353111432	0.13024602026049203
0.09153400868306792	0.1110709117221419	0.2116497829232998	0.5857452966714906
0.06512301013024606	0.6164978292329956	0.11866859623733711	0.19971056439942117
0.5803183791606368	0.13314037626628095	0.19971056439942092	0.08683068017366137
0.42402315484804637	0.23733719247467422	0.18813314037626616	0.15050651230101314
