MEME version 4.4

ALPHABET= ACGT

strands: + -

Background letter frequencies (from uniform background):
A 0.25000 C 0.25000 G 0.25000 T 0.25000 

MOTIF DMBX1_HUMAN.H10MO.D

letter-probability matrix: alength= 4 w= 20 nsites= 29 E= 0
0.1724137931034483	0.27586206896551724	0.13793103448275862	0.41379310344827586
0.4224137931034483	0.28448275862068967	0.11206896551724138	0.1810344827586207
0.43103448275862066	0.29310344827586204	0.15517241379310345	0.1206896551724138
0.20689655172413793	0.13793103448275862	0.10344827586206896	0.5517241379310345
0.41379310344827586	0.034482758620689655	0.034482758620689655	0.5172413793103449
0.5172413793103449	0.034482758620689655	0.034482758620689655	0.41379310344827586
0.3103448275862069	0.10344827586206896	0.034482758620689655	0.5517241379310345
0.5517241379310345	0.1724137931034483	0.034482758620689655	0.2413793103448276
0.5862068965517241	0.10344827586206896	0.034482758620689655	0.27586206896551724
0.13793103448275862	0.3103448275862069	0.1724137931034483	0.3793103448275862
0.10344827586206896	0.6206896551724138	0.034482758620689655	0.2413793103448276
0.0	0.4482758620689655	0.06896551724137931	0.4827586206896552
0.7586206896551724	0.034482758620689655	0.13793103448275862	0.06896551724137931
0.896551724137931	0.034482758620689655	0.06896551724137931	0.0
0.0	0.034482758620689655	0.0	0.9655172413793104
0.0	0.0	0.0	1.0
1.0	0.0	0.0	0.0
0.6206896551724138	0.13793103448275862	0.13793103448275862	0.10344827586206896
0.09482758620689655	0.23275862068965517	0.33620689655172414	0.33620689655172414
0.2413793103448276	0.10344827586206896	0.2413793103448276	0.41379310344827586
