MEME version 4.4

ALPHABET= ACGT

strands: + -

Background letter frequencies (from uniform background):
A 0.25000 C 0.25000 G 0.25000 T 0.25000 

MOTIF MAFA_HUMAN.H10MO.D

letter-probability matrix: alength= 4 w= 21 nsites= 27 E= 0
0.100451467268623	0.357787810383747	0.369074492099323	0.172686230248307
0.10383747178329598	0.0	0.27990970654627495	0.616252821670429
0.031602708803611684	0.031602708803611684	0.7765237020316027	0.16027088036117393
0.0	0.984198645598194	0.0158013544018059	0.0
0.09255079006772009	0.0	0.0	0.9074492099322798
0.0	0.09932279909706535	0.9006772009029346	0.0
0.715575620767494	0.103837471783296	0.0158013544018059	0.164785553047404
0.14898419864559784	0.5936794582392775	0.13769751693002286	0.11963882618510188
0.0	0.3814898419864561	0.363431151241535	0.255079006772009
0.32505643340857804	0.45823927765237005	0.036117381489842	0.18058690744921002
0.16704288939051903	0.376975169300226	0.11738148984198599	0.33860045146726897
0.036117381489842	0.153498871331828	0.670428893905192	0.139954853273138
0.08126410835214447	0.6162528216704288	0.06772009029345367	0.23476297968397292
0.6636568848758466	0.08352144469525967	0.08126410835214457	0.17155756207674916
0.24604966139954876	0.14446952595936782	0.5079006772009025	0.10158013544018091
0.08352144469525957	0.5395033860045149	0.06772009029345369	0.30925507900677196
0.252821670428894	0.397291196388262	0.0	0.349887133182844
0.148984198645598	0.133182844243792	0.103837471783296	0.613995485327314
0.08352144469525959	0.343115124153499	0.0812641083521445	0.492099322799097
0.11286681715575603	0.6501128668171561	0.08803611738148981	0.14898419864559803
0.250564334085779	0.318284424379232	0.322799097065463	0.108352144469526
