MEME version 4.4

ALPHABET= ACGT

strands: + -

Background letter frequencies (from uniform background):
A 0.25000 C 0.25000 G 0.25000 T 0.25000 

MOTIF MEOX1_HUMAN.H10MO.D

letter-probability matrix: alength= 4 w= 16 nsites= 61 E= 0
0.22131147540983606	0.1557377049180328	0.4672131147540984	0.1557377049180328
0.1762295081967213	0.19262295081967212	0.42213114754098363	0.20901639344262296
0.012295081967213115	0.028688524590163935	0.012295081967213115	0.9467213114754098
0.8975409836065574	0.06147540983606557	0.012295081967213115	0.028688524590163935
1.0	0.0	0.0	0.0
0.0	0.0	0.0	1.0
0.0	0.0	0.04918032786885246	0.9508196721311475
0.9836065573770492	0.0	0.01639344262295082	0.0
0.11475409836065574	0.2459016393442623	0.5245901639344263	0.11475409836065574
0.03278688524590164	0.4098360655737705	0.3442622950819672	0.21311475409836064
0.2459016393442623	0.04918032786885246	0.5737704918032787	0.13114754098360656
0.08196721311475409	0.09836065573770492	0.29508196721311475	0.5245901639344263
0.29918032786885246	0.2336065573770492	0.0860655737704918	0.38114754098360654
0.680327868852459	0.05737704918032787	0.00819672131147541	0.2540983606557377
0.5327868852459017	0.00819672131147541	0.02459016393442623	0.4344262295081967
0.3975409836065574	0.11885245901639344	0.06967213114754098	0.4139344262295082
