MEME version 4.4

ALPHABET= ACGT

strands: + -

Background letter frequencies (from uniform background):
A 0.25000 C 0.25000 G 0.25000 T 0.25000 

MOTIF MNX1_HUMAN.H10MO.D

letter-probability matrix: alength= 4 w= 19 nsites= 27 E= 0
0.3055555555555556	0.49074074074074076	0.08333333333333334	0.12037037037037039
0.11111111111111112	0.22222222222222224	0.25925925925925924	0.4074074074074074
0.5555555555555556	0.07407407407407408	0.11111111111111113	0.25925925925925924
0.12962962962962962	0.16666666666666666	0.09259259259259259	0.611111111111111
0.0	0.0	0.07407407407407408	0.9259259259259259
0.11111111111111112	0.25925925925925924	0.037037037037037035	0.5925925925925926
0.3333333333333333	0.07407407407407407	0.2222222222222222	0.37037037037037035
0.4444444444444445	0.33333333333333337	0.0	0.22222222222222224
0.37037037037037035	0.14814814814814814	0.14814814814814814	0.3333333333333333
0.2222222222222222	0.07407407407407407	0.11111111111111112	0.5925925925925926
0.3703703703703704	0.29629629629629634	0.07407407407407408	0.25925925925925924
0.5925925925925926	0.07407407407407407	0.0	0.3333333333333333
0.03703703703703704	0.8518518518518519	0.07407407407407408	0.03703703703703704
0.07407407407407407	0.4444444444444444	0.07407407407407407	0.4074074074074074
0.25925925925925924	0.4814814814814815	0.0	0.25925925925925924
0.009259259259259259	0.3055555555555555	0.1574074074074074	0.5277777777777777
0.1574074074074074	0.19444444444444442	0.1574074074074074	0.4907407407407407
0.3518518518518518	0.20370370370370372	0.12962962962962962	0.3148148148148148
0.37037037037037035	0.18518518518518517	0.14814814814814814	0.2962962962962963
