MEME version 4.4

ALPHABET= ACGT

strands: + -

Background letter frequencies (from uniform background):
A 0.25000 C 0.25000 G 0.25000 T 0.25000 

MOTIF NR2E1_HUMAN.H10MO.D

letter-probability matrix: alength= 4 w= 17 nsites= 62 E= 0
0.4061568606771219	0.16009502977237616	0.22794344747798917	0.20580466207251263
0.4282134131991327	0.21607579114719347	0.18964082127416684	0.16606997437950693
0.1726787168477636	0.10196617616378385	0.13589038501659037	0.5894647219718622
0.009197082957793298	0.009197082957793298	0.009197082957793298	0.9724087511266201
0.023570846894659905	0.03678833183117319	0.9396408212741669	0.0
0.9278553978268369	0.0	0.035356270341989855	0.03678833183117319
0.0	1.0	0.0	0.0
0.0	0.01178542344732995	0.04857375527850315	0.9396408212741668
0.0	0.0	0.0	1.0
0.3446414029509355	0.15464256630447282	0.09428338757863967	0.40643264316595196
0.08393002562049304	0.058927117236649784	0.06035917872583312	0.796783678417024
0.036788331831173186	0.04857375527850314	0.04857375527850314	0.8660641576118204
0.07214460217316304	0.03678833183117319	0.8792816425483339	0.011785423447329952
0.7824921473636233	0.09607346444011877	0.06071719409812894	0.06071719409812894
0.08169970050325219	0.7549008984902434	0.02134052177741909	0.14205887922908528
0.058128853608592296	0.09205306246139883	0.05669679211940896	0.7931212918106
0.0478577245339115	0.11857026521789124	0.13321981164358787	0.7003521986046094
