MEME version 4.4

ALPHABET= ACGT

strands: + -

Background letter frequencies (from uniform background):
A 0.25000 C 0.25000 G 0.25000 T 0.25000 

MOTIF AIRE_HUMAN.H10MO.C

letter-probability matrix: alength= 4 w= 18 nsites= 41 E= 0
0.39772727272727304	0.261363636363636	0.125	0.21590909090909102
0.181818181818182	0.181818181818182	0.136363636363636	0.5
0.1363636363636361	0.1363636363636361	0.2045454545454552	0.5227272727272725
0.04545454545454543	0.0	0.8863636363636365	0.06818181818181825
0.0	0.0	0.8181818181818178	0.18181818181818218
0.3181818181818183	0.04545454545454544	0.02272727272727272	0.6136363636363635
0.3863636363636362	0.09090909090909095	0.022727272727272714	0.5000000000000002
0.363636363636364	0.136363636363636	0.136363636363636	0.363636363636364
0.34090909090909094	0.06818181818181819	0.13636363636363596	0.45454545454545486
0.522727272727273	0.09090909090909091	0.13636363636363602	0.25000000000000006
0.38636363636363613	0.04545454545454542	0.06818181818181823	0.5000000000000002
0.22727272727272718	0.1363636363636361	0.06818181818181826	0.5681818181818185
0.0	0.022727272727272714	0.8863636363636365	0.09090909090909095
0.0	0.0	0.9772727272727273	0.02272727272727273
0.22727272727272704	0.09090909090909091	0.25000000000000006	0.4318181818181821
0.06818181818181819	0.18181818181818196	0.18181818181818196	0.5681818181818179
0.45454545454545414	0.02272727272727271	0.15909090909090906	0.3636363636363641
0.403409090909091	0.267045454545455	0.10795454545454498	0.221590909090909
