MEME version 4.4

ALPHABET= ACGT

strands: + -

Background letter frequencies (from uniform background):
A 0.25000 C 0.25000 G 0.25000 T 0.25000 

MOTIF ASCL2_HUMAN.H10MO.D

letter-probability matrix: alength= 4 w= 14 nsites= 80 E= 0
0.209375	0.121875	0.434375	0.234375
0.15312499999999998	0.115625	0.315625	0.415625
0.09687499999999999	0.021875	0.609375	0.271875
0.40625	0.08125	0.43125	0.08125
0.203125	0.003125	0.7906249999999999	0.003125
0.078125	0.540625	0.015625	0.365625
0.440625	0.015625	0.42812500000000003	0.115625
0.037500000000000006	0.0125	0.9	0.05
0.0125	0.35	0.6124999999999999	0.025
0.25	0.0	0.2125	0.5375
0.034375	0.009375000000000001	0.884375	0.071875
0.037500000000000006	0.2125	0.5875	0.1625
0.08437499999999999	0.08437499999999999	0.471875	0.359375
0.165625	0.09062500000000001	0.403125	0.340625
