MEME version 4.4

ALPHABET= ACGT

strands: + -

Background letter frequencies (from uniform background):
A 0.25000 C 0.25000 G 0.25000 T 0.25000 

MOTIF BCL6_HUMAN.H10MO.C

letter-probability matrix: alength= 4 w= 16 nsites= 33 E= 0
0.382165605095541	0.143312101910828	0.226114649681529	0.24840764331210197
0.5191082802547773	0.05732484076433123	0.1687898089171971	0.25477707006369416
0.42675159235668825	0.07961783439490452	0.2929936305732482	0.20063694267515908
0.37340764331210174	0.06449044585987256	0.26194267515923586	0.30015923566878977
0.2547770700636942	0.057324840764331246	0.48407643312101944	0.2038216560509552
0.154458598726115	0.558917197452229	0.103503184713376	0.18312101910828
0.2866242038216561	0.08598726114649682	0.03184713375796181	0.5955414012738852
0.12181528662420395	0.035828025477706985	0.007165605095541396	0.8351910828025476
0.09315286624203824	0.03582802547770701	0.007165605095541402	0.8638535031847134
0.0	0.9426751592356689	0.028662420382165592	0.028662420382165592
0.121815286624204	0.265127388535032	0.121815286624204	0.49124203821655993
0.5923566878980889	0.0	0.057324840764331184	0.35031847133757993
0.226114649681529	0.114649681528662	0.659235668789809	0.0
0.114649681528662	0.0	0.764331210191083	0.121019108280255
0.7173566878980888	0.03582802547770699	0.20780254777070098	0.03901273885350318
0.6035031847133758	0.04299363057324838	0.16401273885350295	0.18949044585987293
