MEME version 4.4

ALPHABET= ACGT

strands: + -

Background letter frequencies (from uniform background):
A 0.25000 C 0.25000 G 0.25000 T 0.25000 

MOTIF HNF1B_HUMAN.H10MO.B

letter-probability matrix: alength= 4 w= 14 nsites= 57 E= 0
0.29290370912751607	0.059627065093675005	0.5093071752348081	0.13816205054400102
0.1628846776597531	0.04130223515526552	0.6381640752219163	0.15764901196306508
0.013961775191169104	0.20826044703105306	0.008726109494480702	0.7690516682832971
0.0	0.17568432137026793	0.017452218988961394	0.8068634596407707
0.927283770664604	0.0087261094944807	0.0139617751911691	0.0500283446497462
0.7969752186656356	0.04712099127019577	0.14717768056968794	0.008726109494480697
0.13859835601872497	0.006544582120860529	0.032722910604302595	0.8221341512561119
0.41215783931486605	0.040140103674611204	0.538975947516042	0.008726109494480702
0.49141865077112273	0.05628340623940047	0.1621588516538229	0.29013909133565385
0.1512512147857221	0.0	0.06748056363870762	0.7812682215755703
0.04973882411853999	0.11343942342824899	0.013089164241721098	0.8237325882114899
0.5671890184295865	0.10820375773156088	0.14601554908903383	0.1785916747498188
0.7940638159302552	0.03839488177571506	0.036649659876818966	0.13089164241721085
0.11431203437769707	0.6820800938696964	0.07940759639977445	0.12420027535283207
