MEME version 4.4

ALPHABET= ACGT

strands: + -

Background letter frequencies (from uniform background):
A 0.25000 C 0.25000 G 0.25000 T 0.25000 

MOTIF LMX1B_HUMAN.H10MO.D

letter-probability matrix: alength= 4 w= 18 nsites= 30 E= 0
0.04612285976174644	0.07238907640051365	0.04612285976174644	0.8353652040759935
0.9141638539922952	0.01985664312297922	0.01985664312297922	0.04612285976174643
0.8746075483902406	0.006566554159691805	0.006566554159691805	0.11225934329037592
0.032832770798459025	0.08599312665160869	0.0065665541596918045	0.8746075483902405
0.0	0.05316035585314966	0.0	0.9468396441468503
1.0	0.0	0.0	0.0
0.7892423443142471	0.15822522240821857	0.05253243327753444	0.0
0.236395949748905	0.31519459966520663	0.0	0.4484094505858884
0.34146081630397385	0.0	0.07942657249191691	0.5791126112041093
0.34146081630397385	0.18386351647137053	0.36961080066958674	0.10506486655506889
0.4208873887958906	0.36898287809397157	0.1313310831938361	0.07879864991630166
0.1575972998326033	0.31582252224082186	0.15822522240821854	0.3683549555183562
0.1838635164713705	0.10506486655506887	0.052532433277534436	0.6585391836960262
0.34208873887958907	0.13195900576945135	0.07942657249191691	0.44652568285904265
0.539242344314247	0.06645044481643711	0.01329008896328742	0.3810171219060285
0.46044369439794536	0.01329008896328742	0.01329008896328742	0.5129761276754797
0.3619453820025683	0.019856643122979228	0.046122859761746446	0.5720751151127059
0.3220751151127061	0.08567916536380109	0.08567916536380109	0.5065665541596918
