MEME version 4.4

ALPHABET= ACGT

strands: + -

Background letter frequencies (from uniform background):
A 0.25000 C 0.25000 G 0.25000 T 0.25000 

MOTIF NF2L2_HUMAN.H10MO.D

letter-probability matrix: alength= 4 w= 12 nsites= 92 E= 0
0.239644819130792	0.38238747342519697	0.254533960199604	0.123433747244407
0.437181689064006	0.138666501173592	0.401496025490404	0.0226557842719979
0.06307576302999408	0.006436302349999399	0.0898507808059916	0.8406371538140149
0.016476934015998496	0.08341447845599217	0.8566993611344087	0.043409226393600585
0.9104066712880085	0.008238467007999234	0.013387508887998707	0.06796735281599363
0.05869907743199447	0.6729216464016117	0.12286174594719795	0.14551753021919595
0.25221689135360426	0.10741462030719912	0.06091596878559906	0.5794525195535976
0.22219517384800305	0.6093169624575943	0.05370731015359972	0.11478055354080303
0.7214799146752118	0.04016252666399619	0.1897992903871919	0.04855826827360008
0.04134960964160082	0.042222143415996116	0.9020109296784043	0.014417317263998704
0.054579843927994906	0.8486181687280141	0.02986444290399721	0.0669375444399937
0.7725556067796024	0.11024659334119907	0.06683736694759844	0.05036043293160003
