MEME version 4.4

ALPHABET= ACGT

strands: + -

Background letter frequencies (from uniform background):
A 0.25000 C 0.25000 G 0.25000 T 0.25000 

MOTIF PAX2_HUMAN.H10MO.D

letter-probability matrix: alength= 4 w= 18 nsites= 50 E= 0
0.231214196074202	0.182801405777937	0.412093134172233	0.173891263975628
0.33205168821339603	0.27472875611482206	0.057322932098573906	0.33589662357320804
0.0573229320985739	0.156589054856472	0.252010242254559	0.534077770790395
0.17738510103683	0.46242839214840303	0.182801405777937	0.17738510103683
0.5478861428483482	0.16008289191767408	0.20010361489709313	0.09192735033688455
0.19468731015598484	0.17389126397562785	0.4540363248315576	0.17738510103682983
0.0	0.1546665871765661	0.01922467679906151	0.8261087360243725
0.08004144595883705	0.5840619304679546	0.2958759005937898	0.04002072297941858
0.8226148989631703	0.04002072297941862	0.13736437805741106	0.0
0.15117275011536485	0.2574265469956668	0.09384981801679061	0.49755088487217763
0.21740582401624797	0.05924539977848	0.585984398147861	0.137364378057411
0.26284285173677485	0.5197513242469767	0.12006216893825593	0.09734365507799245
0.19660977783589093	0.09192735033688446	0.5113592569301317	0.2001036148970929
0.057322932098573906	0.24012433787651102	0.0	0.7025527300249151
0.08004144595883705	0.09734365507799245	0.8226148989631704	0.0
0.7806717083038456	0.0	0.04002072297941858	0.1793075687167359
0.06920883647662136	0.6106253796880305	0.0	0.32016578383534827
0.5148991245192728	0.04163812288865338	0.14439808270775395	0.2990646698843199
