MEME version 4.4

ALPHABET= ACGT

strands: + -

Background letter frequencies (from uniform background):
A 0.25000 C 0.25000 G 0.25000 T 0.25000 

MOTIF RARG_HUMAN.H10MO.C

letter-probability matrix: alength= 4 w= 20 nsites= 24 E= 0
0.20627802690582978	0.10313901345291489	0.5156950672645735	0.1748878923766818
0.21076233183856502	0.15246636771300404	0.47085201793722004	0.16591928251121102
0.3273542600896861	0.04035874439461881	0.4708520179372201	0.16143497757847505
0.0	0.040358744394618805	0.7713004484304931	0.18834080717488802
0.044843049327354334	0.19282511210762313	0.43497757847533636	0.3273542600896862
0.2286995515695068	0.08071748878923765	0.20627802690582983	0.48430493273542563
0.11210762331838599	0.542600896860986	0.197309417040359	0.14798206278026899
0.5291479820627799	0.12556053811659199	0.3004484304932739	0.044843049327354285
0.21973094170403604	0.33632286995515703	0.32735426008968604	0.11659192825112101
0.17040358744394588	0.6367713004484306	0.11210762331838592	0.08071748878923765
0.23318385650224202	0.31390134529148006	0.29147982062780303	0.16143497757847503
0.493273542600897	0.130044843049327	0.269058295964126	0.10762331838564998
0.3632286995515694	0.24663677130044825	0.39013452914798247	0.0
0.8385650224215246	0.0	0.12556053811659196	0.03587443946188339
0.0	0.0	1.0	0.0
0.0	0.0	0.7040358744394619	0.295964125560538
0.18385650224215203	0.0	0.0	0.816143497757848
0.08520179372197306	0.8475336322869955	0.06726457399103136	0.0
0.9551569506726457	0.044843049327354285	0.0	0.0
0.28363228699551585	0.3419282511210758	0.32399103139013485	0.050448430493273466
