MEME version 4.4

ALPHABET= ACGT

strands: + -

Background letter frequencies (from uniform background):
A 0.25000 C 0.25000 G 0.25000 T 0.25000 

MOTIF TF7L1_HUMAN.H10MO.D

letter-probability matrix: alength= 4 w= 16 nsites= 51 E= 0
0.4166666666666667	0.12254901960784313	0.16176470588235295	0.29901960784313725
0.21568627450980393	0.09803921568627451	0.35294117647058826	0.3333333333333333
0.36764705882352944	0.03431372549019608	0.44607843137254904	0.15196078431372548
0.3088235294117647	0.11274509803921569	0.23039215686274508	0.3480392156862745
0.3333333333333333	0.09803921568627451	0.29411764705882354	0.27450980392156865
0.47058823529411764	0.27450980392156865	0.09803921568627451	0.1568627450980392
0.5294117647058824	0.0196078431372549	0.1568627450980392	0.29411764705882354
0.2549019607843137	0.1568627450980392	0.0784313725490196	0.5098039215686274
0.0784313725490196	0.8431372549019608	0.0784313725490196	0.0
0.0392156862745098	0.29411764705882354	0.6078431372549019	0.058823529411764705
0.17647058823529413	0.0	0.7254901960784313	0.09803921568627451
0.0	0.0	0.9411764705882353	0.058823529411764705
0.12254901960784313	0.024509803921568627	0.7696078431372549	0.08333333333333333
0.25980392156862747	0.45588235294117646	0.22058823529411764	0.06372549019607843
0.18627450980392157	0.10784313725490197	0.6176470588235294	0.08823529411764706
0.2107843137254902	0.3284313725490196	0.4068627450980392	0.05392156862745098
