MEME version 4.4

ALPHABET= ACGT

strands: + -

Background letter frequencies (from uniform background):
A 0.25000 C 0.25000 G 0.25000 T 0.25000 

MOTIF THA_HUMAN.H10MO.C

letter-probability matrix: alength= 4 w= 17 nsites= 74 E= 0
0.39252696456086295	0.07049306625577809	0.4233436055469949	0.11363636363636398
0.09861325115562396	0.07704160246533126	0.7026194144838218	0.12172573189522294
0.10477657935285091	0.07087827426810474	0.6456086286594755	0.17873651771956886
0.18181818181818182	0.12480739599383689	0.12018489984591688	0.5731895223420644
0.1355932203389829	0.5454545454545457	0.2557781201848998	0.06317411402157157
0.587057010785825	0.073959938366718	0.180277349768875	0.158705701078582
0.14791987673343615	0.34976887519260436	0.2033898305084742	0.2989214175654853
0.187981510015408	0.24036979969183397	0.146379044684129	0.425269645608629
0.09861325115562408	0.22033898305084723	0.1093990755007701	0.5716486902927586
0.22187981510015406	0.44838212634822805	0.27118644067796605	0.05855161787365181
0.8428351309707245	0.0	0.10631741140215695	0.050847457627118564
0.013867488443759585	0.07858243451463783	0.8474576271186443	0.06009244992295834
0.0	0.12480739599383693	0.7827426810477656	0.09244992295839746
0.2804314329738059	0.029275808936825888	0.09244992295839748	0.5978428351309708
0.04314329738058548	0.6887519260400616	0.2064714946070879	0.061633281972264975
0.7395993836671806	0.1355932203389829	0.08012326656394445	0.04468412942989207
0.1275038520801231	0.17218798151001516	0.4495377503852084	0.2507704160246532
