MEME version 4.4

ALPHABET= ACGT

strands: + -

Background letter frequencies (from uniform background):
A 0.25000 C 0.25000 G 0.25000 T 0.25000 

MOTIF TLX1_HUMAN.H10MO.D

letter-probability matrix: alength= 4 w= 17 nsites= 50 E= 0
0.184726088956226	0.42301616405878695	0.152096381520406	0.240161365464581
0.03262970743582052	0.3589267817940252	0.050757322677942925	0.5576861880922114
0.016314853717910204	0.032629707435820506	0.7226474867955263	0.22840795205074305
0.14683368346119202	0.06525941487164091	0.6066307492459421	0.18127615242122502
0.01631485371791021	0.5576861880922114	0.01631485371791021	0.40968410447196824
0.8466756011841835	0.027717638254177484	0.01631485371791019	0.10929190684372894
0.3835451123907716	0.35225993577670167	0.15490304498879784	0.10929190684372889
0.104379837662086	0.319630228340881	0.322963651349543	0.25302628264749
0.275597736368794	0.141921614279549	0.252792167296259	0.329688482055398
0.29033394391372286	0.09946776848044264	0.26934113636539986	0.34085715124043475
0.16314853717910213	0.16314853717910213	0.6737029256417957	0.0
0.22840795205074305	0.6247583644880651	0.0	0.14683368346119202
0.04894456115373071	0.6718901641175832	0.0	0.2791652747286861
0.5087416269384806	0.1323315912674939	0.17946339089701285	0.17946339089701285
0.6653994487629589	0.016314853717910197	0.17455132171536997	0.14373437580376097
0.07175013022626517	0.10437983766208597	0.5987955030695667	0.22507452904208194
0.282527145932338	0.132536170125183	0.408368021845208	0.176568662097271
